1 0.7946294 0.03000346 0.8 0.03456967 0.82 1.657108 NaN 1
2 0.7946294 0.05120742 0.74 0.04687534 0.86 2.755426 NaN 0.8
3 0.7946294 0.127019 0.52 0.08074864 0.8 4.178714 NaN 0.2
4 0.7946294 0.03837036 0.7 0.02100313 0.84 1.522274 NaN 1
5 0.7946294 0.05608008 0.72 0.05577629 0.8 3.198359 NaN 0.4
6 0.7946294 0.1075408 0.48 0.1131142 0.56 5 NaN 0
7 0.7946294 0.0179953 0.74 0.01555265 0.84 1.303178 NaN 1
8 0.7946294 0.04792857 0.66 0.04510626 0.8 3.156003 NaN 0.6
9 0.7946294 0.07611763 0.7 0.05475672 0.86 2.881416 NaN 0.6
10 0.7946294 0.1154485 0.5 0.0959108 0.62 4.638682 NaN 0.2
11 0.7946294 0.01053359 0.84 0.0102672 0.92 0.7371591 NaN 1
12 0.7946294 0.08381711 0.8 0.07536548 0.74 4.322853 NaN 0.4
13 0.7946294 0.1068737 0.7 0.1080167 0.8 4.40386 NaN 0.4
14 0.7946294 0.08137929 0.62 0.05136092 0.7 3.610802 NaN 0.8
15 0.7946294 0.1026217 0.56 0.07740547 0.8 3.205614 NaN 0.6
16 0.7946294 0.04114028 0.78 0.04308994 0.76 2.930836 NaN 0.8
17 0.7946294 0.07075158 0.64 0.04041109 0.84 2.898666 NaN 0.6
18 0.7946294 0.06539531 0.74 0.047748 0.82 3.022684 NaN 0.8
19 0.7946294 0.04985311 0.68 0.03801223 0.84 2.371086 NaN 0.8
20 0.7946294 0.01244535 0.84 0.009481952 0.9 0.4778597 NaN 1
21 0.7946294 0.04997063 0.72 0.05953665 0.86 2.867553 NaN 0.8
22 0.7946294 0.1062704 0.44 0.08095062 0.78 4.098589 NaN 0.2
23 0.7946294 0.05229577 0.74 0.04851189 0.74 3.140071 NaN 1
24 0.7946294 0.03892646 0.58 0.04231345 0.8 2.870561 NaN 1
25 0.7946294 0.04073526 0.76 0.03510176 0.88 2.251478 NaN 0.8
26 0.7946294 0.02861896 0.82 0.0325189 0.84 1.908521 NaN 0.8
27 0.7946294 0.04232508 0.6 0.05620492 0.88 2.911635 NaN 0.6
28 0.7946294 0.01948692 0.72 0.02398229 0.82 1.04219 NaN 1
29 0.7946294 0.0711524 0.64 0.07942799 0.72 3.871166 NaN 0.6
30 0.7946294 0.02172016 0.68 0.01098688 0.9 0.7051938 NaN 1
31 0.7946294 0.0384514 0.78 0.04076545 0.72 2.278973 NaN 1
32 0.7946294 0.03160331 0.58 0.03330384 0.86 1.772755 NaN 0.8
33 0.7946294 0.1094322 0.58 0.07795436 0.74 3.738511 NaN 0.6
34 0.7946294 0.06397068 0.8 0.06353296 0.8 3.383934 NaN 0.6
35 0.7946294 0.02743731 0.84 0.02547836 0.88 1.922053 NaN 1
36 0.7946294 0.006112636 0.82 0.005661742 0.94 0.4146687 NaN 1
37 0.7946294 0.03223974 0.74 0.03182374 0.88 1.62185 NaN 1
38 0.7946294 0.0416665 0.78 0.0335349 0.84 2.44616 NaN 0.8
39 0.7946294 0.09216605 0.7 0.06182152 0.78 3.434563 NaN 0.8
40 0.7946294 0.01948678 0.74 0.01884813 0.88 1.014113 NaN 1
41 0.7946294 0.04162386 0.56 0.04631535 0.76 3.111718 NaN 1
42 0.7946294 0.0296166 0.7 0.02517426 0.74 2.169609 NaN 1
43 0.7946294 0.07910472 0.74 0.06002115 0.72 3.865076 NaN 0.8
44 0.7946294 0.1186012 0.5 0.104662 0.58 5 NaN 0
45 0.7946294 0.09940458 0.48 0.1141088 0.56 5 NaN 0
46 0.7946294 0.07443448 0.72 0.05991539 0.78 3.39339 NaN 0.8
47 0.7946294 0.0895952 0.68 0.04121177 0.86 1.665188 NaN 0.8
48 0.7946294 0.09962442 0.54 0.08054633 0.6 4.638498 NaN 0.4
49 0.7946294 0.06487044 0.72 0.05503768 0.76 3.123636 NaN 0.8
50 0.7946294 0.02429106 0.74 0.02532622 0.84 1.890368 NaN 1
51 0.7946294 0.05244424 0.78 0.07024163 0.82 2.85978 NaN 0.8
52 0.7946294 0.02103674 0.78 0.01601152 0.84 1.391808 NaN 1
53 0.7946294 0.03883276 0.86 0.03648257 0.82 2.201617 NaN 1
54 0.7946294 0.1055152 0.46 0.1097117 0.54 5 NaN 0
55 0.7946294 0.04071867 0.58 0.03118225 0.8 2.527322 NaN 0.8
56 0.7946294 0.0320066 0.74 0.03767765 0.92 1.400915 NaN 1
57 0.7946294 0.06510888 0.72 0.05247035 0.78 2.786847 NaN 0.8
