1 0.05801763 0.359806 0.6932185 0.7301081 0.5201896 0.1749494 0.2389319
2 0.09197993 -0.1222372 0.1914479 0.4798011 0.2952703 0 0.4217108
3 0.177542 0.6576798 0 0 0 0 0.5772538
4 0.04863672 -0.09408063 0.4636308 1.1345 0.4971729 0.5292017 0.1386024
5 0.1012029 -0.3515645 0.6990526 0.6716867 0 0 0
6 0.1936889 -0.2411621 0 0 0 0 0
7 0.06343718 0.1987321 0.2712049 0.7315334 0.3726853 0.5692352 0.6523228
8 0.104364 -0.03860902 0 0.4234414 0 0.6202957 0.1757383
9 0.07198116 -0.08967623 0 0.2511655 1.105483 0.4436405 0
10 0.1418807 -0.4750551 0 0 0 0 0.2008243
11 0.05302214 -0.0885609 0.7806191 0.8846775 0.599049 0.5717505 0.4241767
12 0.1414928 0.008089989 0.1938473 0.179652 0 0 0
13 0.1768551 0.04580491 0.03660421 0 0 0.3102693 0
14 0.0929594 0.3117423 0.1167578 0.3484598 0.03704562 0.3079741 0
15 0.09411648 -0.8364754 0.2879328 0 0.5267446 0 0.3110849
16 0.07613567 0.1919429 0.2286566 0.2704697 0 0.2681793 0.4822263
17 0.07048036 0.2224858 1.09062 0 0.2823452 0 0.38728
18 0.09581968 0.0486213 0.01703627 0.3176784 0.5801714 0 0.3560687
19 0.06690775 -0.05670924 0 0.369692 0.4649977 0.3152954 0.5322929
20 0.0361848 -0.1032962 0.7306936 0.8861716 1.140842 0.6291333 0.5152339
21 0.1059076 0.2980232 0 0.3872108 0.3708945 0.2112578 0.3114115
22 0.1456703 -0.2455924 0 0 0 0 0.6860108
23 0.07155042 -0.08964167 0.1815912 0.5047681 0.172222 0.2171884 0.03718472
24 0.08722236 0.1186563 0.3782847 0.1738746 0.3197773 0.2165375 0.1485125
25 0.08664423 -0.2078039 0.7351232 0.5365177 0.3560021 0 0.2571885
26 0.06719523 -0.004136732 0.5866258 0.6209524 0.284387 0.7138818 0
27 0.1017657 -0.2385939 0.60362 0.3523471 0 0 0.4211531
28 0.05519374 0.4594004 0.5749872 0.3949799 0.4226453 0.7094247 0.7211948
29 0.1114495 0.6245354 0.2311895 0 0 0.2133011 0.186857
30 0.04380056 -0.001764264 0.4966371 1.251227 0.4019987 0.8346027 0.9388194
31 0.06567879 0.07941311 0.4836116 0.4580812 0.4013867 0.192818 0.1581212
32 0.05786875 0.03853411 0.237929 0.6082973 0 0.8224643 1.083982
33 0.1257433 -0.5085564 0.1308072 0.2065108 0 0 0.4055342
34 0.1078839 -0.2524675 0 0.3724004 0.2424666 0 0.3548676
35 0.0775641 -0.02409901 0.2273333 0.3628533 0.3426504 0.4317575 0.5949382
36 0.04344647 0.0321612 0.7634903 0.8307229 0.8029564 0.4829031 0.8455278
37 0.06160342 0.4169377 0.8974097 0.5766046 0.292188 0.1446488 0.553415
38 0.08652071 -0.1817837 0.1915746 0 0.3159963 0.4989159 0.7285917
39 0.09449508 0.5164687 0 0.4751525 0.3316158 0.08342567 0.06605552
40 0.04360851 0.1454429 0.4742932 0.4858965 0.4971508 0.5374784 1.081602
41 0.08206451 0.2495106 0.2240601 0.1143128 0.1164584 0.1704632 0.4936247
42 0.05708667 -0.07135161 0.324887 0.2719746 0.1472959 0.5750104 0.474557
43 0.08510008 -0.05239606 0.03683362 0.1382535 0.2896212 0.1692525 0
44 0.1805712 -0.3227734 0 0 0 0 0
45 0.1797655 0.2411621 0 0 0 0 0
46 0.1020887 0.4699689 0.111496 0.003112008 0 0.8333043 0.2368636
47 0.05173236 -0.8039229 0.2861127 0 0.7621415 1.044492 0.6885573
48 0.1411434 -0.1746073 0.08643233 0 0 0.1033996 0
49 0.09555256 0.02395923 0.4504394 0.5332676 0.0985439 0 0.1105297
50 0.06372248 0.1298054 0.2302919 0.3063483 0.4013049 0.4591033 0.5928643
51 0.08468321 -0.4147127 0.2066401 0 0.5512883 0.5377104 0.09705698
52 0.05795566 0.1450521 0.4666538 0.5945531 0.2520288 0.4591852 0.6983023
53 0.06025584 -0.2392009 0.270906 0.2121435 0.3457136 0.430204 0.4554245
54 0.1956406 0.1603427 0 0 0 0 0
55 0.07158508 0.2249566 0.405413 0 0.3198871 0.6321954 0.2410833
56 0.04411749 0.2922036 1.044916 0.2566859 0.6746028 0.2764237 1.465763
57 0.07982713 -0.155563 0.1900457 0.6377963 0.1722456 0.4392392 0
