1 0.01806432 0.7789063 1.651224 2.126216 1.89982 0.9509457 1.09927
1 0.09032162 0.4332031 0 0.7050181 3.814697e-07 1.907349e-07 0 3 0.2106398
1 0.07802773 0.4333496 0 0.7051732 7.629396e-07 0 0 2 0.2106398
1 0.06740719 0.4333496 0 0.7051732 7.629396e-07 0 0 2 0.2106398
1 0.05823224 0.4335938 0 0.7050181 6.103516e-06 0 0 2 0.2106394
1 0.05030612 0.5328125 1.279376 1.925631 2.108828 0 0 3 0.1350932
1 0.04345883 0.684375 1.531765 2.15523 2.416993 0.3754026 1.876363e-06 5 0.1284742
1 0.03754355 0.528125 1.323177 1.900292 2.101266 4.370822e-06 1.422674e-06 5 0.1348986
1 0.03243341 0.7199219 1.539647 2.149431 1.867224 0.7440285 0.9862795 5 0.1048393
1 0.02801882 0.7171875 1.588681 2.123036 1.846349 0.7955804 1.02514 5 0.104167
1 0.02420512 0.7607422 1.625677 2.141287 1.84741 0.8705422 1.072989 5 0.1035079
1 0.0209105 0.7849609 1.673458 2.124494 1.895704 0.9382702 1.112634 5 0.1030642
1 0.01806432 0.7789063 1.651224 2.126216 1.89982 0.9509457 1.09927 5 0.10304
2 0.05153971 -0.30625 1.529992 3.109686 3.273552 0.6079585 1.316093
2 0.07994111 -0.18125 0 1.905859e-06 0 0 0.9313067 2 0.2083954
2 0.06906014 -0.18125 0 1.905859e-06 0 0 0.9313067 2 0.2083954
2 0.0596602 -0.3742187 0.8578523 1.495048 0 0 1.699142 3 0.1496212
2 0.05153971 -0.30625 1.529992 3.109686 3.273552 0.6079585 1.316093 5 0.1060746
2 0.04452452 -0.334375 1.644211 3.187723 3.320686 0.6620393 1.363342 5 0.1052635
2 0.03846418 -0.1957031 1.163826 2.516782 2.788852 9.123069e-06 1.260347 5 0.1148401
2 0.03322873 -0.365625 1.805327 3.302208 3.2746 0.7602925 1.472065 5 0.1038756
2 0.02870589 -0.38125 1.864473 3.346481 3.296048 0.8110337 1.504186 5 0.103529
2 0.02479867 -0.4 1.931201 3.406225 3.308617 0.8419914 1.535649 5 0.1033011
2 0.02142326 -0.3890625 1.89615 3.327117 3.255279 0.8367602 1.540145 5 0.1032133
2 0.01850729 -0.39375 1.921023 3.331236 3.209425 0.8603092 1.565628 5 0.103018
2 0.01598822 -0.4007813 1.944696 3.355259 3.217855 0.8707737 1.574669 5 0.1029735
3 0.03900911 0.7794922 0 0 0 0.5195004 2.63594
3 0.1455629 0.769165 0 0 0 0 2.217357 1 0.1235779
3 0.12575 0.769165 0 0 0 0 2.217357 1 0.1235779
3 0.1086338 0.76875 0 0 0 0 2.21909 1 0.1235779
3 0.09384744 0.769165 0 0 0 0 2.217357 1 0.1235779
3 0.08107365 0.769165 0 0 0 0 2.217357 1 0.1235779
3 0.07003852 0.769165 0 0 0 0 2.217357 1 0.1235779
3 0.06050542 0.7742432 0 0 0 0.1602592 2.383421 2 0.1193731
3 0.05226988 0.778125 0 0 0 0.3276173 2.525443 2 0.1161352
3 0.04515531 0.7773438 0 0 0 0.4471206 2.602965 2 0.1143992
3 0.03900911 0.7794922 0 0 0 0.5195004 2.63594 2 0.1135513
3 0.03369949 0.7875 0 0 0 0.577994 2.657628 2 0.1129822
3 0.02911257 0.7970734 0 3.170357e-06 0 0.6224835 2.667708 3 0.1126128
4 0.02181239 -0.2195313 1.053135 2.257518 1.262261 1.478448 0
4 0.109062 -0.0765625 0 1.5366 -9.536743e-08 0 0 2 0.1770121
4 0.09421729 -0.0765625 0 1.536844 0 0 0 1 0.177012
4 0.08139315 -0.0765625 0 1.536844 0 0 0 1 0.177012
4 0.07031454 -0.08046875 0.01101868 1.548155 0 0 0 2 0.1765096
4 0.06074386 -0.1890625 0.3037766 1.79392 0 0 0 2 0.1663146
4 0.05247587 -0.2460449 1.023137 2.510245 0.8586401 1.16887 0 4 0.1195345
4 0.04533326 -0.2410156 1.131817 2.476007 1.214489 1.430689 0.4008958 5 0.109709
4 0.03916284 -0.2234375 1.01259 2.419083 0.9855758 1.282014 2.46913e-06 5 0.1175885
4 0.0338323 -0.290625 1.826045 2.746373 2.005343 2.373812 1.464118 5 0.09873596
4 0.02922731 -0.2901367 1.856739 2.758871 2.021668 2.398642 1.524753 5 0.09861285
4 0.02524911 -0.21875 1.029933 2.29924 1.21304 1.421967 0 4 0.1156303
4 0.02181239 -0.2195313 1.053135 2.257518 1.262261 1.478448 0 4 0.1152817
5 0.03579787 -0.5398438 2.095342 1.720558 0.1066725 0 0
5 0.09969106 -0.45625 2.238179 1.592423 -1.797825e-07 0 0 3 0.1223363
5 0.08612188 -0.471875 2.201394 1.609098 0 0 0 2 0.1222792
5 0.07439963 -0.5109375 2.109697 1.650698 0 0 0 2 0.1222601
5 0.06427292 -0.5234375 2.085863 1.6637 0 0 0 2 0.1222881
5 0.05552458 -0.5367188 2.049252 1.678984 0 0 0 2 0.1223491
5 0.047967 -0.540625 2.043801 1.683418 0 0 0 2 0.1223652
5 0.0414381 -0.553125 2.028394 1.706897 0.02632826 0 0 3 0.1220074
5 0.03579787 -0.5398438 2.095342 1.720558 0.1066725 0 0 3 0.1208113
5 0.03092533 -0.5484375 2.107052 1.72976 0.1338087 0 0 3 0.1205092
5 0.02671601 -0.5734375 2.076233 1.762689 0.1723317 2.146197e-05 0 4 0.1202605
5 0.02307964 -0.565625 1.986024 1.707174 5.389395e-06 0.05440794 0 4 0.1220559
5 0.01993821 -0.5910156 2.064951 1.798116 0.2555201 0.1586965 0 4 0.1183639
