37,3.14148824
38,3.14205992
36,3.14135844
51,3.14169888
66,3.14187644
26,3.14177184
14,3.14177024
48,3.14145752
17,3.14139292
41,3.1415306
6,3.14163304
22,3.14198152
76,3.14156044
58,3.14156028
16,3.14150384
27,3.1418462
68,3.1414774
47,3.14140124
11,3.14181924
29,3.14177412
55,3.14154388
43,3.1416072
72,3.14150232
45,3.14173144
69,3.14139504
70,3.14148556
56,3.14175812
20,3.14149384
25,3.14139592
53,3.14164004
23,3.14166612
21,3.14173216
32,3.14140628
30,3.14177844
31,3.14155308
61,3.1417638
24,3.14135492
64,3.14195724
71,3.14166452
74,3.14168524
50,3.14124748
42,3.14148548
77,3.14147668
39,3.14162176
8,3.14174436
49,3.14166108
67,3.1414372
54,3.14143976
44,3.14177692
73,3.1414024
34,3.1413548
13,3.14139416
28,3.14125976
57,3.14153188
79,3.14179268
40,3.14163112
75,3.14183736
46,3.14141464
78,3.14172504
52,3.1413988
10,3.14171768
9,3.14173108
19,3.14158428
15,3.14137124
12,3.14174348
80,3.14161312
18,3.1416194
65,3.14129708
33,3.1412592
62,3.14174208
35,3.14166676
7,3.14130404
59,3.14141776
60,3.14156796
63,3.14159012
93,3.14151572
95,3.14166312
92,3.14159992
84,3.14168052
86,3.1416876
82,3.14146884
81,3.14153792
89,3.14148236
97,3.14160784
91,3.14129316
88,3.14166924
90,3.14149468
94,3.14172084
85,3.14158952
83,3.14152144
100,3.1417402
96,3.14178148
87,3.14170916
99,3.14142856
98,3.14146248
4,3.14128
1,3.14181024
5,3.1416922
3,3.14179804
2,3.14149544
